0.000000 0.000000 0.000000
0.000000 0.000000 0.000000
0.000000 0.000000 0.000000
0.000000 0.000000 0.000000
0.000000 0.000000 0.000000
0.000000 0.000000 0.000000
0.000000 0.000000 0.000000
0.000000 0.000000 0.000000
0.000000 0.000000 0.000000
0.000000 0.000000 0.000000
0.000000 0.000000 0.000000
0.000000 0.000000 0.000000
0.000000 0.000000 0.000000
0.000003 0.000000 0.000000
0.000016 0.000000 0.000000
0.000077 0.000001 0.000000
0.000303 0.000002 0.000000
0.001013 0.000021 0.000000
0.002948 0.000105 0.000000
0.007635 0.000389 0.000000
0.017885 0.001188 0.000000
0.038431 0.003148 0.000000
0.076473 0.007494 0.000000
0.142609 0.016272 0.000000
0.251355 0.032662 0.000000
0.419959 0.061608 0.000000
0.673077 0.109386 0.000000
1.035156 0.185029 0.000000
1.535905 0.299781 0.000000
2.210149 0.466460 0.000000
3.088009 0.701586 0.000000
4.195281 1.024514 0.000000
5.581954 1.452016 0.000000
7.261944 2.008685 0.000000
9.264987 2.715170 0.000000
11.627190 3.591962 0.000000
14.332010 4.667198 0.000000
17.444021 5.955049 0.000000
20.894386 7.485307 0.000000
24.801678 9.256760 0.000000
29.027412 11.309598 0.104610
33.628735 13.643665 0.276294
38.593418 16.268261 0.508311
43.929317 19.186138 0.807633
49.580112 22.406504 1.184320
55.481651 25.934042 1.640418
61.652229 29.767515 2.218380
68.079666 33.890537 2.892837
74.517204 38.322079 3.637823
81.344528 42.998444 4.547711
88.172752 47.946468 5.536729
95.134705 53.145798 6.695944
102.212860 58.565018 7.978865
109.273544 64.199005 9.399750
116.291504 70.028725 10.942513
123.262993 76.025749 12.644371
130.132446 82.172874 14.442553
136.890594 88.473129 16.466614
143.583237 94.862076 18.585180
150.234238 101.306473 20.851900
156.680740 107.826523 23.253784
163.139420 114.326103 25.609570
169.050751 120.936478 28.336975
174.970673 127.518898 31.078936
180.531082 134.081467 33.789215
185.913254 140.590317 36.792580
191.333511 146.978317 39.861839
196.094589 153.406815 42.954384
200.614883 159.707047 46.175781
205.209930 165.908371 49.278740
209.629883 171.927917 52.564804
213.447983 177.901855 56.071484
216.843674 183.730362 59.474266
220.522919 189.340027 62.868034
223.391693 194.885193 66.270340
226.535172 200.211090 69.825378
229.104218 205.360382 73.321083
231.586227 210.325790 76.696091
233.885651 215.096344 80.410072
235.660248 219.755432 83.796730
237.689514 224.134171 87.422943
239.034668 228.429596 90.781593
240.381561 232.433624 93.913101
241.534912 236.284042 97.599014
242.526260 239.910034 100.887215
243.002686 243.404724 103.920296
243.624573 246.720062 107.479691
244.029510 249.745377 110.575363
244.356125 252.553986 113.695358
244.240143 255.276154 116.950287
244.149780 257.793854 120.004517
243.791840 260.118408 122.671425
243.892838 262.199097 125.492050
242.822723 264.262451 128.189575
242.359314 266.051361 131.037109
241.435883 267.626617 133.236969
240.179962 269.214600 136.405609
239.474274 270.377167 138.512726
238.535065 271.605988 141.472427
237.576324 272.526550 143.706299
236.015381 273.352966 145.997528
234.809921 273.994080 147.926056
233.111359 274.638824 150.065170
231.940735 275.000946 152.238861
230.193939 275.331940 153.506744
228.554642 275.464722 155.831207
226.789032 275.502777 156.880493
225.128159 275.442108 158.898788
223.409332 275.303101 160.400604
221.409271 275.051300 162.152786
219.507980 274.598694 162.809998
217.632233 274.127869 164.632706
215.626343 273.573700 165.695984
213.820984 272.825287 166.986145
211.624756 272.191559 167.603363
209.847382 271.186676 168.871414
207.519867 270.408600 170.076355
205.609650 269.291077 170.750549
203.354095 268.323090 171.732239
201.554047 267.117340 172.830292
199.441223 265.900940 172.758850
196.966400 264.715393 173.542419
195.062119 263.381500 173.773743
192.911163 261.966156 174.083160
190.962738 260.540680 174.990082
188.300034 259.181671 174.651489
186.557831 257.575928 175.547409
184.257843 256.051117 175.610306